0
2
4
6
8
10
12
14
16
18
20
24
28
32
36
40
44
48
52
54
56
60
64
68
72
76
80
84
88
90
92
94
96
98
100
104
108
110
112
116
120
124
128
132
136
140
144
146
148
152
156
160
164
168
172
174
176
178
180
184
188
192
196
198
200
204
208
212
216
220
224
228
232
234
236
240
244
248
252
254
256
260
264
268
272
276
280
282
284
288
292
296
300
304
308
312
316
318
320
324
328
332
336
340
344
348
352
356
360
362
364
368
372
376
380
384
388
392
396
398
400
402
404
406
408
410
412
414
416
418
420
424
428
432
436
440
444
448
452
454
456
458
460
462
464
468
472
474
476
480
484
488
492
496
500
502
504
506
508
512
516
520
524
526
528
532
536
540
544
546
548
552
556
560
564
568
572
574
576
580
584
588
592
596
600
604
608
612
616
618
620
622
624
626
628
630
632
634
636
638
640
644
648
652
656
660
664
668
672
674
676
680
684
688
692
696
700
704
708
710
712
714
716
718
720
724
728
730
732
736
740
744
748
752
756
760
764
766
768
772
776
780
784
788
792
794
796
798
800
804
808
812
816
818
820
824
828
832
836
840
844
848
852
854
856
860
864
868
872
874
876
880
884
888
892
896
900
902
904
908
912
916
920
924
928
932
936
938
940
944
948
952
956
960
964
968
972
976
980
982
984
988
992
996
1000
1004
1008
1012
1016
1018
1020
1022
1024
1026
1028
1030
1032
1034
1036
1038
1040
1044
1048
1052
1056
1060
1064
1068
1072
1074
1076
1078
1080
1082
1084
1088
1092
1094
1096
1100
1104
1108
1112
1116
1120
1122
1124
1126
1128
1132
1136
1140
1144
1146
1148
1152
1156
1160
1164
1166
1168
1172
1176
1180
1184
1188
1192
1194
1196
1200
1204
1208
1212
1216
1220
1224
1228
1232
1236
1238
1240
1242
1244
1246
1248
1250
1252
1254
1256
1258
1260
1264
1268
1272
1276
1280
1284
1288
1292
1294
1296
1300
1304
1308
1312
1316
1320
1324
1328
1329
1330
1334
1338
1342
1346
1350
1354
1357
1360
1362
1364
1366
1368
1370
1372
1376
1380
1382
1384
1388
1392
1396
1400
1404
1408
1412
1416
1418
1420
1424
1428
1432
1436
1440
1444
1446
1448
1450
1452
1456
1460
1464
1468
1471
1474
1476
1478
1480
1482
1486
1490
1494
1498
1500
1502
1506
1510
1514
1518
1522
1526
1530
1534
1536
1538
1542
1546
1550
1554
1556
1558
1562
1566
1568
1570
1574
1578
1581
1584
1586
1588
1592
1596
1600
1604
1608
1612
1614
1616
1620
1624
1628
1632
1636
1640
1644
1648
1650
1652
1656
1660
1662
1664
1668
1672
1676
1680
1682
1684
1687
1690
1694
1698
1702
1706
1710
1714
1718
1722
1724
1726
1730
1734
1738
1742
1746
1750
1754
1758
1760
1762
1764
1766
1770
1774
1778
1782
1786
1790
1791
1792
1794
1796
1798
1800
1802
1804
1806
1808
1810
1812
1816
1820
1824
1828
1832
1836
1840
1844
1845
1846
1850
1854
1858
1862
1866
1870
1873
1876
1878
1880
1882
1884
1886
1888
1892
1896
1898
1900
1904
1908
1912
1916
1920
1924
1926
1928
1930
1932
1936
1940
1944
1948
1951
1954
1956
1958
1960
1962
1966
1970
1974
1978
1980
1982
1986
1990
1994
1998
2000
2002
2006
2010
2012
2014
2018
2022
2025
2028
2030
2032
2036
2040
2044
2048
2052
2056
2058
2060
2064
2068
2070
2072
2076
2080
2084
2088
2090
2092
2095
2098
2102
2106
2110
2114
2118
2122
2126
2130
2132
2134
2136
2138
2142
2146
2150
2154
2158
2162
2163
2164
2166
2168
2170
2172
2174
2176
2178
2180
2181
2182
2186
2190
2194
2198
2202
2206
2209
2212
2214
2216
2218
2220
2222
2224
2226
2228
2230
2232
2236
2240
2244
2248
2251
2254
2256
2258
2260
2262
2264
2266
2270
2274
2276
2278
2282
2286
2289
2292
2294
2296
2298
2300
2304
2308
2312
2316
2318
2320
2323
2326
2328
2330
2334
2338
2342
2346
2350
2354
2355
2356
2357
2358
2359
2360
2361
2362
2363
2364
2366
2368
2370
2372
2374
2376
2378
2380
2382
2384
2386
2388