1
2
3
4
5
6
7
8
11
12
13
14
15
16
17
18
21
22
23
24
25
26
27
28
9
10
11
12
13
14
15
16
17
18
19
20
21
22
23
24
25
26
27
28
1
2
29
30
31
32
33
34
35
36
39
40
41
42
43
44
45
46
49
50
51
52
53
54
35
36
37
38
39
40
41
42
43
44
45
46
47
48
49
50
51
52
53
54
3
4
29
30
55
56
57
58
59
60
61
62
65
66
67
68
69
70
71
72
75
76
77
78
59
60
61
62
63
64
65
66
67
68
69
70
71
72
73
74
75
76
77
78
5
6
31
32
55
56
79
80
81
82
83
84
85
86
89
90
91
92
93
94
95
96
99
100
81
82
83
84
85
86
87
88
89
90
91
92
93
94
95
96
97
98
99
100
7
8
33
34
57
58
79
80
101
102
103
104
105
106
107
108
111
112
113
114
115
116
117
118
101
102
103
104
105
106
107
108
109
110
111
112
113
114
115
116
117
118
119
120
35
36
59
60
81
82
101
102
121
122
123
124
125
126
127
128
131
132
133
134
135
136
137
138
9
10
35
36
59
60
81
82
101
102
129
130
131
132
133
134
135
136
137
138
11
12
61
62
83
84
103
104
121
122
139
140
141
142
143
144
145
146
149
150
151
152
153
154
11
12
37
38
61
62
83
84
103
104
145
146
147
148
149
150
151
152
153
154
13
14
39
40
85
86
105
106
123
124
139
140
155
156
157
158
159
160
161
162
165
166
167
168
13
14
39
40
63
64
85
86
105
106
159
160
161
162
163
164
165
166
167
168
15
16
41
42
65
66
107
108
125
126
141
142
155
156
169
170
171
172
173
174
175
176
179
180
15
16
41
42
65
66
87
88
107
108
171
172
173
174
175
176
177
178
179
180
17
18
43
44
67
68
89
90
127
128
143
144
157
158
169
170
181
182
183
184
185
186
187
188
17
18
43
44
67
68
89
90
109
110
181
182
183
184
185
186
187
188
189
190
45
46
69
70
91
92
111
112
145
146
159
160
171
172
181
182
191
192
193
194
195
196
197
198
201
202
203
204
205
206
207
208
211
212
213
214
215
216
217
218
19
20
45
46
69
70
91
92
111
112
129
130
145
146
159
160
171
172
181
182
199
200
201
202
203
204
205
206
207
208
209
210
211
212
213
214
215
216
217
218
21
22
71
72
93
94
113
114
131
132
161
162
173
174
183
184
191
192
219
220
221
222
223
224
225
226
229
230
231
232
233
234
235
236
239
240
241
242
243
244
21
22
47
48
71
72
93
94
113
114
131
132
147
148
161
162
173
174
183
184
225
226
227
228
229
230
231
232
233
234
235
236
237
238
239
240
241
242
243
244
23
24
49
50
95
96
115
116
133
134
149
150
175
176
185
186
193
194
219
220
245
246
247
248
249
250
251
252
255
256
257
258
259
260
261
262
265
266
267
268
23
24
49
50
73
74
95
96
115
116
133
134
149
150
163
164
175
176
185
186
249
250
251
252
253
254
255
256
257
258
259
260
261
262
263
264
265
266
267
268
25
26
51
52
75
76
117
118
135
136
151
152
165
166
187
188
195
196
221
222
245
246
269
270
271
272
273
274
275
276
279
280
281
282
283
284
285
286
289
290
25
26
51
52
75
76
97
98
117
118
135
136
151
152
165
166
177
178
187
188
271
272
273
274
275
276
277
278
279
280
281
282
283
284
285
286
287
288
289
290
27
28
53
54
77
78
99
100
137
138
153
154
167
168
179
180
197
198
223
224
247
248
269
270
291
292
293
294
295
296
297
298
301
302
303
304
305
306
307
308
27
28
53
54
77
78
99
100
119
120
137
138
153
154
167
168
179
180
189
190
291
292
293
294
295
296
297
298
299
300
301
302
303
304
305
306
307
308
309
310
225
226
249
250
271
272
291
292
311
312
313
314
315
316
317
318
321
322
323
324
325
326
327
328
199
200
225
226
249
250
271
272
291
292
319
320
321
322
323
324
325
326
327
328
201
202
251
252
273
274
293
294
311
312
329
330
331
332
333
334
335
336
339
340
341
342
343
344
201
202
227
228
251
252
273
274
293
294
335
336
337
338
339
340
341
342
343
344
203
204
229
230
275
276
295
296
313
314
329
330
345
346
347
348
349
350
351
352
355
356
357
358
203
204
229
230
253
254
275
276
295
296
349
350
351
352
353
354
355
356
357
358
205
206
231
232
255
256
297
298
315
316
331
332
345
346
359
360
361
362
363
364
365
366
369
370
205
206
231
232
255
256
277
278
297
298
361
362
363
364
365
366
367
368
369
370
207
208
233
234
257
258
279
280
317
318
333
334
347
348
359
360
371
372
373
374
375
376
377
378
207
208
233
234
257
258
279
280
299
300
371
372
373
374
375
376
377
378
379
380
235
236
259
260
281
282
301
302
335
336
349
350
361
362
371
372
381
382
383
384
385
386
387
388
391
392
393
394
395
396
397
398
401
402
403
404
405
406
407
408
411
412
413
414
415
416
417
418
209
210
235
236
259
260
281
282
301
302
319
320
335
336
349
350
361
362
371
372
389
390
391
392
393
394
395
396
397
398
399
400
401
402
403
404
405
406
407
408
409
410
411
412
413
414
415
416
417
418
211
212
261
262
283
284
303
304
321
322
351
352
363
364
373
374
381
382
419
420
421
422
423
424
425
426
429
430
431
432
433
434
435
436
439
440
441
442
443
444
445
446
449
450
451
452
453
454
211
212
237
238
261
262
283
284
303
304
321
322
337
338
351
352
363
364
373
374
425
426
427
428
429
430
431
432
433
434
435
436
437
438
439
440
441
442
443
444
445
446
447
448
449
450
451
452
453
454
213
214
239
240
285
286
305
306
323
324
339
340
365
366
375
376
383
384
419
420
455
456
457
458
459
460
461
462
465
466
467
468
469
470
471
472
475
476
477
478
479
480
481
482
485
486
487
488
213
214
239
240
263
264
285
286
305
306
323
324
339
340
353
354
365
366
375
376
459
460
461
462
463
464
465
466
467
468
469
470
471
472
473
474
475
476
477
478
479
480
481
482
483
484
485
486
487
488
215
216
241
242
265
266
307
308
325
326
341
342
355
356
377
378
385
386
421
422
455
456
489
490
491
492
493
494
495
496
499
500
501
502
503
504
505
506
509
510
511
512
513
514
515
516
519
520
215
216
241
242
265
266
287
288
307
308
325
326
341
342
355
356
367
368
377
378
491
492
493
494
495
496
497
498
499
500
501
502
503
504
505
506
507
508
509
510
511
512
513
514
515
516
517
518
519
520
217
218
243
244
267
268
289
290
327
328
343
344
357
358
369
370
387
388
423
424
457
458
489
490
521
522
523
524
525
526
527
528
531
532
533
534
535
536
537
538
541
542
543
544
545
546
547
548
217
218
243
244
267
268
289
290
309
310
327
328
343
344
357
358
369
370
379
380
521
522
523
524
525
526
527
528
529
530
531
532
533
534
535
536
537
538
539
540
541
542
543
544
545
546
547
548
549
550
425
426
459
460
491
492
521
522
551
552
553
554
555
556
557
558
561
562
563
564
565
566
567
568
571
572
573
574
575
576
577
578
389
390
425
426
459
460
491
492
521
522
559
560
561
562
563
564
565
566
567
568
569
570
571
572
573
574
575
576
577
578
391
392
461
462
493
494
523
524
551
552
579
580
581
582
583
584
585
586
589
590
591
592
593
594
595
596
599
600
601
602
603
604
391
392
427
428
461
462
493
494
523
524
585
586
587
588
589
590
591
592
593
594
595
596
597
598
599
600
601
602
603
604
393
394
429
430
495
496
525
526
553
554
579
580
605
606
607
608
609
610
611
612
615
616
617
618
619
620
621
622
625
626
627
628
393
394
429
430
463
464
495
496
525
526
609
610
611
612
613
614
615
616
617
618
619
620
621
622
623
624
625
626
627
628
395
396
431
432
465
466
527
528
555
556
581
582
605
606
629
630
631
632
633
634
635
636
639
640
641
642
643
644
645
646
649
650
395
396
431
432
465
466
497
498
527
528
631
632
633
634
635
636
637
638
639
640
641
642
643
644
645
646
647
648
649
650
397
398
433
434
467
468
499
500
557
558
583
584
607
608
629
630
651
652
653
654
655
656
657
658
661
662
663
664
665
666
667
668
397
398
433
434
467
468
499
500
529
530
651
652
653
654
655
656
657
658
659
660
661
662
663
664
665
666
667
668
669
670
435
436
469
470
501
502
531
532
585
586
609
610
631
632
651
652
671
672
673
674
675
676
677
678
681
682
683
684
685
686
687
688
399
400
435
436
469
470
501
502
531
532
559
560
585
586
609
610
631
632
651
652
679
680
681
682
683
684
685
686
687
688
401
402
471
472
503
504
533
534
561
562
611
612
633
634
653
654
671
672
689
690
691
692
693
694
695
696
699
700
701
702
703
704
401
402
437
438
471
472
503
504
533
534
561
562
587
588
611
612
633
634
653
654
695
696
697
698
699
700
701
702
703
704
403
404
439
440
505
506
535
536
563
564
589
590
635
636
655
656
673
674
689
690
705
706
707
708
709
710
711
712
715
716
717
718
403
404
439
440
473
474
505
506
535
536
563
564
589
590
613
614
635
636
655
656
709
710
711
712
713
714
715
716
717
718
405
406
441
442
475
476
537
538
565
566
591
592
615
616
657
658
675
676
691
692
705
706
719
720
721
722
723
724
725
726
729
730
405
406
441
442
475
476
507
508
537
538
565
566
591
592
615
616
637
638
657
658
721
722
723
724
725
726
727
728
729
730
407
408
443
444
477
478
509
510
567
568
593
594
617
618
639
640
677
678
693
694
707
708
719
720
731
732
733
734
735
736
737
738
407
408
443
444
477
478
509
510
539
540
567
568
593
594
617
618
639
640
659
660
731
732
733
734
735
736
737
738
739
740
411
412
481
482
513
514
543
544
571
572
621
622
643
644
663
664
681
682
711
712
723
724
733
734
741
742
749
750
751
752
753
754
411
412
447
448
481
482
513
514
543
544
571
572
597
598
621
622
643
644
663
664
681
682
697
698
711
712
723
724
733
734
413
414
449
450
515
516
545
546
573
574
599
600
645
646
665
666
683
684
699
700
725
726
735
736
743
744
749
750
755
756
757
758
413
414
449
450
483
484
515
516
545
546
573
574
599
600
623
624
645
646
665
666
683
684
699
700
713
714
725
726
735
736
0
415
416
451
452
485
486
547
548
575
576
601
602
625
626
667
668
685
686
701
702
715
716
737
738
745
746
751
752
755
756
759
415
416
451
452
485
486
517
518
547
548
575
576
601
602
625
626
647
648
667
668
685
686
701
702
715
716
727
728
737
738
0
417
418
453
454
487
488
519
520
577
578
603
604
627
628
649
650
687
688
703
704
717
718
729
730
747
748
753
754
757
758
759