0
2
4
6
8
10
12
14
16
18
20
22
26
30
34
38
42
46
50
54
56
58
62
66
70
74
78
82
86
90
92
94
96
98
100
102
106
110
112
114
118
122
126
130
134
138
142
146
148
150
154
158
162
166
170
174
176
178
180
182
186
190
194
198
200
202
206
210
214
218
222
226
230
234
236
238
242
246
250
254
256
258
262
266
270
274
278
282
284
286
290
294
298
302
306
310
314
318
320
322
326
330
334
338
342
346
350
354
358
362
364
366
370
374
378
382
386
390
394
398
400
402
404
406
408
410
412
414
416
418
420
422
426
430
434
438
442
446
450
454
456
458
460
462
464
466
470
474
476
478
482
486
490
494
498
502
504
506
508
510
514
518
522
526
528
530
534
538
542
546
548
550
554
558
562
566
570
574
576
578
582
586
590
594
598
602
606
610
614
618
620
622
624
626
628
630
632
634
636
638
640
642
646
650
654
658
662
666
670
674
676
678
682
686
690
694
698
702
706
710
712
714
716
718
720
722
726
730
732
734
738
742
746
750
754
758
762
766
768
770
774
778
782
786
790
794
796
798
800
802
806
810
814
818
820
822
826
830
834
838
842
846
850
854
856
858
862
866
870
874
876
878
882
886
890
894
898
902
904
906
910
914
918
922
926
930
934
938
940
942
946
950
954
958
962
966
970
974
978
982
984
986
990
994
998
1002
1006
1010
1014
1018
1020
1022
1024
1026
1028
1030
1032
1034
1036
1038
1040
1042
1046
1050
1054
1058
1062
1066
1070
1074
1076
1078
1080
1082
1084
1086
1090
1094
1096
1098
1102
1106
1110
1114
1118
1122
1124
1126
1128
1130
1134
1138
1142
1146
1148
1150
1154
1158
1162
1166
1168
1170
1174
1178
1182
1186
1190
1194
1196
1198
1202
1206
1210
1214
1218
1222
1226
1230
1234
1238
1240
1242
1244
1246
1248
1250
1252
1254
1256
1258
1260
1262
1266
1270
1274
1278
1282
1286
1290
1294
1296
1298
1302
1306
1310
1314
1318
1322
1326
1330
1331
1332
1336
1340
1344
1348
1352
1356
1359
1362
1364
1366
1368
1370
1372
1374
1378
1382
1384
1386
1390
1394
1398
1402
1406
1410
1414
1418
1420
1422
1426
1430
1434
1438
1442
1446
1448
1450
1452
1454
1458
1462
1466
1470
1473
1476
1478
1480
1482
1484
1488
1492
1496
1500
1502
1504
1508
1512
1516
1520
1524
1528
1532
1536
1538
1540
1544
1548
1552
1556
1558
1560
1564
1568
1570
1572
1576
1580
1583
1586
1588
1590
1594
1598
1602
1606
1610
1614
1616
1618
1622
1626
1630
1634
1638
1642
1646
1650
1652
1654
1658
1662
1664
1666
1670
1674
1678
1682
1684
1686
1689
1692
1696
1700
1704
1708
1712
1716
1720
1724
1726
1728
1732
1736
1740
1744
1748
1752
1756
1760
1762
1764
1766
1768
1772
1776
1780
1784
1788
1792
1793
1794
1796
1798
1800
1802
1804
1806
1808
1810
1812
1814
1818
1822
1826
1830
1834
1838
1842
1846
1847
1848
1852
1856
1860
1864
1868
1872
1875
1878
1880
1882
1884
1886
1888
1890
1894
1898
1900
1902
1906
1910
1914
1918
1922
1926
1928
1930
1932
1934
1938
1942
1946
1950
1953
1956
1958
1960
1962
1964
1968
1972
1976
1980
1982
1984
1988
1992
1996
2000
2002
2004
2008
2012
2014
2016
2020
2024
2027
2030
2032
2034
2038
2042
2046
2050
2054
2058
2060
2062
2066
2070
2072
2074
2078
2082
2086
2090
2092
2094
2097
2100
2104
2108
2112
2116
2120
2124
2128
2132
2134
2136
2138
2140
2144
2148
2152
2156
2160
2164
2165
2166
2168
2170
2172
2174
2176
2178
2180
2182
2183
2184
2188
2192
2196
2200
2204
2208
2211
2214
2216
2218
2220
2222
2224
2226
2228
2230
2232
2234
2238
2242
2246
2250
2253
2256
2258
2260
2262
2264
2266
2268
2272
2276
2278
2280
2284
2288
2291
2294
2296
2298
2300
2302
2306
2310
2314
2318
2320
2322
2325
2328
2330
2332
2336
2340
2344
2348
2352
2356
2357
2358
2359
2360
2361
2362
2363
2364
2365
2366
2368
2370
2372
2374
2376
2378
2380
2382
2384
2386
2388