0.09213858051
0.09213858051
0.09213858051
0.137995737983
0.137995737983
0.137995737983
0.137995737983
0.137995737983
0.137995737983
0.09213858051
0.09213858051
0.09213858051
0.172828573455
0.172828573455
0.172828573455
0.0852383576022
0.0852383576022
0.0852383576022
0.0852383576022
0.0852383576022
0.0852383576022
0.172828573455
0.172828573455
0.172828573455
0.0617332189107
0.0617332189107
0.0617332189107
0.141308341476
0.141308341476
0.141308341476
0.141308341476
0.141308341476
0.141308341476
0.0617332189107
0.0617332189107
0.0617332189107
0.125426638452
0.125426638452
0.125426638452
0.0533208927371
0.0533208927371
0.0533208927371
0.0533208927371
0.0533208927371
0.0533208927371
0.125426638452
0.125426638452
0.125426638452
0.0231706100487
0.0231706100487
0.0231706100487
0.0305931884075
0.0305931884075
0.0305931884075
0.0648568699369
0.0648568699369
0.0648568699369
0.0648568699369
0.0648568699369
0.0648568699369
0.0305931884075
0.0305931884075
0.0305931884075
0.019746938665
0.019746938665
0.019746938665