0
2
0
2
0
4
0
4
0
6
0
6
0
8
0
8
1
11
1
11
0
1
12
13
0
1
12
13
0
1
14
15
0
1
14
15
0
1
16
17
0
1
16
17
0
1
18
19
0
1
18
19
1
21
1
21
0
1
22
23
0
1
22
23
0
1
24
25
0
1
24
25
0
1
26
27
0
1
26
27
0
1
28
29
0
1
28
29
2
4
2
4
2
6
2
6
2
8
2
8
2
3
10
11
2
3
10
11
3
13
3
13
2
3
14
15
2
3
14
15
2
3
16
17
2
3
16
17
2
3
18
19
2
3
18
19
2
3
20
21
2
3
20
21
3
23
3
23
2
3
24
25
2
3
24
25
2
3
26
27
2
3
26
27
2
3
28
29
2
3
28
29
4
6
4
6
4
8
4
8
4
5
10
11
4
5
10
11
4
5
12
13
4
5
12
13
5
15
5
15
4
5
16
17
4
5
16
17
4
5
18
19
4
5
18
19
4
5
20
21
4
5
20
21
4
5
22
23
4
5
22
23
5
25
5
25
4
5
26
27
4
5
26
27
4
5
28
29
4
5
28
29
6
8
6
8
6
7
10
11
6
7
10
11
6
7
12
13
6
7
12
13
6
7
14
15
6
7
14
15
7
17
7
17
6
7
18
19
6
7
18
19
6
7
20
21
6
7
20
21
6
7
22
23
6
7
22
23
6
7
24
25
6
7
24
25
7
27
7
27
6
7
28
29
6
7
28
29
8
9
10
11
8
9
10
11
8
9
12
13
8
9
12
13
8
9
14
15
8
9
14
15
8
9
16
17
8
9
16
17
9
19
9
19
8
9
20
21
8
9
20
21
8
9
22
23
8
9
22
23
8
9
24
25
8
9
24
25
8
9
26
27
8
9
26
27
9
29
9
29
10
12
10
12
10
14
10
14
10
16
10
16
10
18
10
18
11
21
11
21
10
11
22
23
10
11
22
23
10
11
24
25
10
11
24
25
10
11
26
27
10
11
26
27
10
11
28
29
10
11
28
29
12
14
12
14
12
16
12
16
12
18
12
18
12
13
20
21
12
13
20
21
13
23
13
23
12
13
24
25
12
13
24
25
12
13
26
27
12
13
26
27
12
13
28
29
12
13
28
29
14
16
14
16
14
18
14
18
14
15
20
21
14
15
20
21
14
15
22
23
14
15
22
23
15
25
15
25
14
15
26
27
14
15
26
27
14
15
28
29
14
15
28
29
16
18
16
18
16
17
20
21
16
17
20
21
16
17
22
23
16
17
22
23
16
17
24
25
16
17
24
25
17
27
17
27
16
17
28
29
16
17
28
29
18
19
20
21
18
19
20
21
18
19
22
23
18
19
22
23
18
19
24
25
18
19
24
25
18
19
26
27
18
19
26
27
19
29
19
29
20
22
20
22
20
24
20
24
20
26
20
26
20
28
20
28
21
31
21
31
20
21
32
33
20
21
32
33
20
21
34
35
20
21
34
35
20
21
36
37
20
21
36
37
20
21
38
39
20
21
38
39
21
41
21
41
20
21
42
43
20
21
42
43
20
21
44
45
20
21
44
45
20
21
46
47
20
21
46
47
20
21
48
49
20
21
48
49
22
24
22
24
22
26
22
26
22
28
22
28
22
23
30
31
22
23
30
31
23
33
23
33
22
23
34
35
22
23
34
35
22
23
36
37
22
23
36
37
22
23
38
39
22
23
38
39
22
23
40
41
22
23
40
41
23
43
23
43
22
23
44
45
22
23
44
45
22
23
46
47
22
23
46
47
22
23
48
49
22
23
48
49
24
26
24
26
24
28
24
28
24
25
30
31
24
25
30
31
24
25
32
33
24
25
32
33
25
35
25
35
24
25
36
37
24
25
36
37
24
25
38
39
24
25
38
39
24
25
40
41
24
25
40
41
24
25
42
43
24
25
42
43
25
45
25
45
24
25
46
47
24
25
46
47
24
25
48
49
24
25
48
49
26
28
26
28
26
27
30
31
26
27
30
31
26
27
32
33
26
27
32
33
26
27
34
35
26
27
34
35
27
37
27
37
26
27
38
39
26
27
38
39
26
27
40
41
26
27
40
41
26
27
42
43
26
27
42
43
26
27
44
45
26
27
44
45
27
47
27
47
26
27
48
49
26
27
48
49
28
29
30
31
28
29
30
31
28
29
32
33
28
29
32
33
28
29
34
35
28
29
34
35
28
29
36
37
28
29
36
37
29
39
29
39
28
29
40
41
28
29
40
41
28
29
42
43
28
29
42
43
28
29
44
45
28
29
44
45
28
29
46
47
28
29
46
47
29
49
29
49
30
32
30
32
30
34
30
34
30
36
30
36
30
38
30
38
31
41
31
41
30
31
42
43
30
31
42
43
30
31
44
45
30
31
44
45
30
31
46
47
30
31
46
47
30
31
48
49
30
31
48
49
32
34
32
34
32
36
32
36
32
38
32
38
32
33
40
41
32
33
40
41
33
43
33
43
32
33
44
45
32
33
44
45
32
33
46
47
32
33
46
47
32
33
48
49
32
33
48
49
34
36
34
36
34
38
34
38
34
35
40
41
34
35
40
41
34
35
42
43
34
35
42
43
35
45
35
45
34
35
46
47
34
35
46
47
34
35
48
49
34
35
48
49
36
38
36
38
36
37
40
41
36
37
40
41
36
37
42
43
36
37
42
43
36
37
44
45
36
37
44
45
37
47
37
47
36
37
48
49
36
37
48
49
38
39
40
41
38
39
40
41
38
39
42
43
38
39
42
43
38
39
44
45
38
39
44
45
38
39
46
47
38
39
46
47
39
49
39
49
40
42
40
42
40
44
40
44
40
46
40
46
40
48
40
48
41
51
41
51
40
41
52
53
40
41
52
53
40
41
54
55
40
41
54
55
40
41
56
57
40
41
56
57
40
41
58
59
40
41
58
59
41
61
41
61
40
41
62
63
40
41
62
63
40
41
64
65
40
41
64
65
40
41
66
67
40
41
66
67
40
41
68
69
40
41
68
69
41
41
40
41
70
71
40
41
70
71
40
41
72
73
40
41
72
73
40
41
74
75
40
41
74
75
40
41
76
40
41
76
42
44
42
44
42
46
42
46
42
48
42
48
42
43
50
51
42
43
50
51
43
53
43
53
42
43
54
55
42
43
54
55
42
43
56
57
42
43
56
57
42
43
58
59
42
43
58
59
42
43
60
61
42
43
60
61
43
63
43
63
42
43
64
65
42
43
64
65
42
43
66
67
42
43
66
67
42
43
68
69
42
43
68
69
42
43
42
43
43
71
43
71
42
43
72
73
42
43
72
73
42
43
74
75
42
43
74
75
42
43
76
42
43
76
44
46
44
46
44
48
44
48
44
45
50
51
44
45
50
51
44
45
52
53
44
45
52
53
45
55
45
55
44
45
56
57
44
45
56
57
44
45
58
59
44
45
58
59
44
45
60
61
44
45
60
61
44
45
62
63
44
45
62
63
45
65
45
65
44
45
66
67
44
45
66
67
44
45
68
69
44
45
68
69
44
45
44
45
44
45
70
71
44
45
70
71
45
73
45
73
44
45
74
75
44
45
74
75
44
45
76
44
45
76
46
48
46
48
46
47
50
51
46
47
50
51
46
47
52
53
46
47
52
53
46
47
54
55
46
47
54
55
47
57
47
57
46
47
58
59
46
47
58
59
46
47
60
61
46
47
60
61
46
47
62
63
46
47
62
63
46
47
64
65
46
47
64
65
47
67
47
67
46
47
68
69
46
47
68
69
46
47
46
47
46
47
70
71
46
47
70
71
46
47
72
73
46
47
72
73
47
75
47
75
46
47
76
46
47
76
48
49
50
51
48
49
50
51
48
49
52
53
48
49
52
53
48
49
54
55
48
49
54
55
48
49
56
57
48
49
56
57
49
59
49
59
48
49
60
61
48
49
60
61
48
49
62
63
48
49
62
63
48
49
64
65
48
49
64
65
48
49
66
67
48
49
66
67
49
69
49
69
48
49
48
49
48
49
70
71
48
49
70
71
48
49
72
73
48
49
72
73
48
49
74
75
48
49
74
75
49
49
50
52
50
52
50
54
50
54
50
56
50
56
50
58
50
58
51
61
51
61
50
51
62
63
50
51
62
63
50
51
64
65
50
51
64
65
50
51
66
67
50
51
66
67
50
51
68
69
50
51
68
69
51
51
50
51
70
71
50
51
70
71
50
51
72
73
50
51
72
73
50
51
74
75
50
51
74
75
50
51
76
50
51
76
52
54
52
54
52
56
52
56
52
58
52
58
52
53
60
61
52
53
60
61
53
63
53
63
52
53
64
65
52
53
64
65
52
53
66
67
52
53
66
67
52
53
68
69
52
53
68
69
52
53
52
53
53
71
53
71
52
53
72
73
52
53
72
73
52
53
74
75
52
53
74
75
52
53
76
52
53
76
54
56
54
56
54
58
54
58
54
55
60
61
54
55
60
61
54
55
62
63
54
55
62
63
55
65
55
65
54
55
66
67
54
55
66
67
54
55
68
69
54
55
68
69
54
55
54
55
54
55
70
71
54
55
70
71
55
73
55
73
54
55
74
75
54
55
74
75
54
55
76
54
55
76
56
58
56
58
56
57
60
61
56
57
60
61
56
57
62
63
56
57
62
63
56
57
64
65
56
57
64
65
57
67
57
67
56
57
68
69
56
57
68
69
56
57
56
57
56
57
70
71
56
57
70
71
56
57
72
73
56
57
72
73
57
75
57
75
56
57
76
56
57
76
58
59
60
61
58
59
60
61
58
59
62
63
58
59
62
63
58
59
64
65
58
59
64
65
58
59
66
67
58
59
66
67
59
69
59
69
58
59
58
59
58
59
70
71
58
59
70
71
58
59
72
73
58
59
72
73
58
59
74
75
58
59
74
75
59
59
60
62
60
62
60
64
60
64
60
66
60
66
60
68
60
68
61
61
60
61
70
71
60
61
70
71
60
61
72
73
60
61
72
73
60
61
74
75
60
61
74
75
60
61
76
60
61
76
62
64
62
64
62
66
62
66
62
68
62
68
62
63
62
63
63
71
63
71
62
63
72
73
62
63
72
73
62
63
74
75
62
63
74
75
62
63
76
62
63
76
64
66
64
66
64
68
64
68
64
65
64
65
64
65
70
71
64
65
70
71
65
73
65
73
64
65
74
75
64
65
74
75
64
65
76
64
65
76
66
68
66
68
66
67
66
67
66
67
70
71
66
67
70
71
66
67
72
73
66
67
72
73
67
75
67
75
66
67
76
66
67
76
68
69
68
69
68
69
70
71
68
69
70
71
68
69
72
73
68
69
72
73
68
69
74
75
68
69
74
75
69
69
70
70
72
72
74
74
76
76
70
72
70
72
70
74
70
74
70
76
70
76
72
74
72
74
72
76
72
76
74
76
74
76