0
1
2
3
4
5
6
7
10
11
12
13
14
15
16
17
20
21
22
23
24
25
26
27
8
9
10
11
12
13
14
15
16
17
18
19
20
21
22
23
24
25
26
27
0
1
28
29
30
31
32
33
34
35
38
39
40
41
42
43
44
45
48
49
50
51
52
53
34
35
36
37
38
39
40
41
42
43
44
45
46
47
48
49
50
51
52
53
2
3
28
29
54
55
56
57
58
59
60
61
64
65
66
67
68
69
70
71
74
75
76
77
58
59
60
61
62
63
64
65
66
67
68
69
70
71
72
73
74
75
76
77
4
5
30
31
54
55
78
79
80
81
82
83
84
85
88
89
90
91
92
93
94
95
98
99
80
81
82
83
84
85
86
87
88
89
90
91
92
93
94
95
96
97
98
99
6
7
32
33
56
57
78
79
100
101
102
103
104
105
106
107
110
111
112
113
114
115
116
117
100
101
102
103
104
105
106
107
108
109
110
111
112
113
114
115
116
117
118
119
34
35
58
59
80
81
100
101
120
121
122
123
124
125
126
127
130
131
132
133
134
135
136
137
8
9
34
35
58
59
80
81
100
101
128
129
130
131
132
133
134
135
136
137
10
11
60
61
82
83
102
103
120
121
138
139
140
141
142
143
144
145
148
149
150
151
152
153
10
11
36
37
60
61
82
83
102
103
144
145
146
147
148
149
150
151
152
153
12
13
38
39
84
85
104
105
122
123
138
139
154
155
156
157
158
159
160
161
164
165
166
167
12
13
38
39
62
63
84
85
104
105
158
159
160
161
162
163
164
165
166
167
14
15
40
41
64
65
106
107
124
125
140
141
154
155
168
169
170
171
172
173
174
175
178
179
14
15
40
41
64
65
86
87
106
107
170
171
172
173
174
175
176
177
178
179
16
17
42
43
66
67
88
89
126
127
142
143
156
157
168
169
180
181
182
183
184
185
186
187
16
17
42
43
66
67
88
89
108
109
180
181
182
183
184
185
186
187
188
189
44
45
68
69
90
91
110
111
144
145
158
159
170
171
180
181
190
191
192
193
194
195
196
197
200
201
202
203
204
205
206
207
210
211
212
213
214
215
216
217
18
19
44
45
68
69
90
91
110
111
128
129
144
145
158
159
170
171
180
181
198
199
200
201
202
203
204
205
206
207
208
209
210
211
212
213
214
215
216
217
20
21
70
71
92
93
112
113
130
131
160
161
172
173
182
183
190
191
218
219
220
221
222
223
224
225
228
229
230
231
232
233
234
235
238
239
240
241
242
243
20
21
46
47
70
71
92
93
112
113
130
131
146
147
160
161
172
173
182
183
224
225
226
227
228
229
230
231
232
233
234
235
236
237
238
239
240
241
242
243
22
23
48
49
94
95
114
115
132
133
148
149
174
175
184
185
192
193
218
219
244
245
246
247
248
249
250
251
254
255
256
257
258
259
260
261
264
265
266
267
22
23
48
49
72
73
94
95
114
115
132
133
148
149
162
163
174
175
184
185
248
249
250
251
252
253
254
255
256
257
258
259
260
261
262
263
264
265
266
267
24
25
50
51
74
75
116
117
134
135
150
151
164
165
186
187
194
195
220
221
244
245
268
269
270
271
272
273
274
275
278
279
280
281
282
283
284
285
288
289
24
25
50
51
74
75
96
97
116
117
134
135
150
151
164
165
176
177
186
187
270
271
272
273
274
275
276
277
278
279
280
281
282
283
284
285
286
287
288
289
26
27
52
53
76
77
98
99
136
137
152
153
166
167
178
179
196
197
222
223
246
247
268
269
290
291
292
293
294
295
296
297
300
301
302
303
304
305
306
307
26
27
52
53
76
77
98
99
118
119
136
137
152
153
166
167
178
179
188
189
290
291
292
293
294
295
296
297
298
299
300
301
302
303
304
305
306
307
308
309
224
225
248
249
270
271
290
291
310
311
312
313
314
315
316
317
320
321
322
323
324
325
326
327
198
199
224
225
248
249
270
271
290
291
318
319
320
321
322
323
324
325
326
327
200
201
250
251
272
273
292
293
310
311
328
329
330
331
332
333
334
335
338
339
340
341
342
343
200
201
226
227
250
251
272
273
292
293
334
335
336
337
338
339
340
341
342
343
202
203
228
229
274
275
294
295
312
313
328
329
344
345
346
347
348
349
350
351
354
355
356
357
202
203
228
229
252
253
274
275
294
295
348
349
350
351
352
353
354
355
356
357
204
205
230
231
254
255
296
297
314
315
330
331
344
345
358
359
360
361
362
363
364
365
368
369
204
205
230
231
254
255
276
277
296
297
360
361
362
363
364
365
366
367
368
369
206
207
232
233
256
257
278
279
316
317
332
333
346
347
358
359
370
371
372
373
374
375
376
377
206
207
232
233
256
257
278
279
298
299
370
371
372
373
374
375
376
377
378
379
234
235
258
259
280
281
300
301
334
335
348
349
360
361
370
371
380
381
382
383
384
385
386
387
390
391
392
393
394
395
396
397
400
401
402
403
404
405
406
407
410
411
412
413
414
415
416
417
208
209
234
235
258
259
280
281
300
301
318
319
334
335
348
349
360
361
370
371
388
389
390
391
392
393
394
395
396
397
398
399
400
401
402
403
404
405
406
407
408
409
410
411
412
413
414
415
416
417
210
211
260
261
282
283
302
303
320
321
350
351
362
363
372
373
380
381
418
419
420
421
422
423
424
425
428
429
430
431
432
433
434
435
438
439
440
441
442
443
444
445
448
449
450
451
452
453
210
211
236
237
260
261
282
283
302
303
320
321
336
337
350
351
362
363
372
373
424
425
426
427
428
429
430
431
432
433
434
435
436
437
438
439
440
441
442
443
444
445
446
447
448
449
450
451
452
453
212
213
238
239
284
285
304
305
322
323
338
339
364
365
374
375
382
383
418
419
454
455
456
457
458
459
460
461
464
465
466
467
468
469
470
471
474
475
476
477
478
479
480
481
484
485
486
487
212
213
238
239
262
263
284
285
304
305
322
323
338
339
352
353
364
365
374
375
458
459
460
461
462
463
464
465
466
467
468
469
470
471
472
473
474
475
476
477
478
479
480
481
482
483
484
485
486
487
214
215
240
241
264
265
306
307
324
325
340
341
354
355
376
377
384
385
420
421
454
455
488
489
490
491
492
493
494
495
498
499
500
501
502
503
504
505
508
509
510
511
512
513
514
515
518
519
214
215
240
241
264
265
286
287
306
307
324
325
340
341
354
355
366
367
376
377
490
491
492
493
494
495
496
497
498
499
500
501
502
503
504
505
506
507
508
509
510
511
512
513
514
515
516
517
518
519
216
217
242
243
266
267
288
289
326
327
342
343
356
357
368
369
386
387
422
423
456
457
488
489
520
521
522
523
524
525
526
527
530
531
532
533
534
535
536
537
540
541
542
543
544
545
546
547
216
217
242
243
266
267
288
289
308
309
326
327
342
343
356
357
368
369
378
379
520
521
522
523
524
525
526
527
528
529
530
531
532
533
534
535
536
537
538
539
540
541
542
543
544
545
546
547
548
549
424
425
458
459
490
491
520
521
550
551
552
553
554
555
556
557
560
561
562
563
564
565
566
567
570
571
572
573
574
575
576
577
388
389
424
425
458
459
490
491
520
521
558
559
560
561
562
563
564
565
566
567
568
569
570
571
572
573
574
575
576
577
390
391
460
461
492
493
522
523
550
551
578
579
580
581
582
583
584
585
588
589
590
591
592
593
594
595
598
599
600
601
602
603
390
391
426
427
460
461
492
493
522
523
584
585
586
587
588
589
590
591
592
593
594
595
596
597
598
599
600
601
602
603
392
393
428
429
494
495
524
525
552
553
578
579
604
605
606
607
608
609
610
611
614
615
616
617
618
619
620
621
624
625
626
627
392
393
428
429
462
463
494
495
524
525
608
609
610
611
612
613
614
615
616
617
618
619
620
621
622
623
624
625
626
627
394
395
430
431
464
465
526
527
554
555
580
581
604
605
628
629
630
631
632
633
634
635
638
639
640
641
642
643
644
645
648
649
394
395
430
431
464
465
496
497
526
527
630
631
632
633
634
635
636
637
638
639
640
641
642
643
644
645
646
647
648
649
396
397
432
433
466
467
498
499
556
557
582
583
606
607
628
629
650
651
652
653
654
655
656
657
660
661
662
663
664
665
666
667
396
397
432
433
466
467
498
499
528
529
650
651
652
653
654
655
656
657
658
659
660
661
662
663
664
665
666
667
668
669
434
435
468
469
500
501
530
531
584
585
608
609
630
631
650
651
670
671
672
673
674
675
676
677
680
681
682
683
684
685
686
687
398
399
434
435
468
469
500
501
530
531
558
559
584
585
608
609
630
631
650
651
678
679
680
681
682
683
684
685
686
687
400
401
470
471
502
503
532
533
560
561
610
611
632
633
652
653
670
671
688
689
690
691
692
693
694
695
698
699
700
701
702
703
400
401
436
437
470
471
502
503
532
533
560
561
586
587
610
611
632
633
652
653
694
695
696
697
698
699
700
701
702
703
402
403
438
439
504
505
534
535
562
563
588
589
634
635
654
655
672
673
688
689
704
705
706
707
708
709
710
711
714
715
716
717
402
403
438
439
472
473
504
505
534
535
562
563
588
589
612
613
634
635
654
655
708
709
710
711
712
713
714
715
716
717
404
405
440
441
474
475
536
537
564
565
590
591
614
615
656
657
674
675
690
691
704
705
718
719
720
721
722
723
724
725
728
729
404
405
440
441
474
475
506
507
536
537
564
565
590
591
614
615
636
637
656
657
720
721
722
723
724
725
726
727
728
729
406
407
442
443
476
477
508
509
566
567
592
593
616
617
638
639
676
677
692
693
706
707
718
719
730
731
732
733
734
735
736
737
406
407
442
443
476
477
508
509
538
539
566
567
592
593
616
617
638
639
658
659
730
731
732
733
734
735
736
737
738
739
410
411
480
481
512
513
542
543
570
571
620
621
642
643
662
663
680
681
710
711
722
723
732
733
740
741
748
749
750
751
752
753
410
411
446
447
480
481
512
513
542
543
570
571
596
597
620
621
642
643
662
663
680
681
696
697
710
711
722
723
732
733
412
413
448
449
514
515
544
545
572
573
598
599
644
645
664
665
682
683
698
699
724
725
734
735
742
743
748
749
754
755
756
757
412
413
448
449
482
483
514
515
544
545
572
573
598
599
622
623
644
645
664
665
682
683
698
699
712
713
724
725
734
735
414
415
450
451
484
485
546
547
574
575
600
601
624
625
666
667
684
685
700
701
714
715
736
737
744
745
750
751
754
755
758
759
414
415
450
451
484
485
516
517
546
547
574
575
600
601
624
625
646
647
666
667
684
685
700
701
714
715
726
727
736
737
416
417
452
453
486
487
518
519
576
577
602
603
626
627
648
649
686
687
702
703
716
717
728
729
746
747
752
753
756
757
758
759